    0.5000    0.1000    0.1000    0.2000    0.0500    0.1000         0         0         0         0
    0.0500    0.2000    0.2500         0         0         0         0    0.0500         0    0.0500
    0.1500    0.0500    0.3000    0.1000    0.1000    0.2000         0    0.0500         0    0.1000
    0.1000    0.1000         0    0.2000    0.0500    0.0500    0.3500    0.0500    0.2000    0.0500
    0.1000    0.2000    0.1000    0.1500    0.5500    0.1500    0.0500    0.1000         0    0.2000
    0.0500         0         0         0    0.0500    0.2500         0         0         0    0.1000
         0    0.1500    0.1000    0.2000         0    0.0500    0.4500    0.1000         0         0
    0.0500    0.2000    0.1500    0.1500    0.2000         0    0.1500    0.6500         0         0
         0         0         0         0         0    0.1000         0         0    0.8000    0.0500
         0         0         0         0         0    0.1000         0         0         0    0.4500

Average Recall: 0.435