    0.3000    0.0500    0.0500    0.1000         0    0.0500    0.1000         0    0.0500    0.0500
         0         0    0.0500         0         0    0.0500         0         0         0         0
    0.1500    0.0500    0.1500    0.1500    0.0500    0.0500         0    0.0500    0.0500    0.1000
    0.0500    0.1000    0.0500    0.2000    0.1000    0.0500    0.1500    0.2000    0.1500         0
    0.1500    0.3500    0.1000    0.2500    0.4000    0.1500    0.2500    0.0500         0    0.2500
    0.0500    0.1000    0.3000    0.0500    0.2000    0.2500    0.0500         0    0.1000    0.1500
         0         0         0         0    0.0500    0.0500    0.2500         0    0.1000    0.1000
    0.3000    0.2500    0.2500    0.2500    0.2000    0.2000    0.2000    0.7000    0.0500    0.0500
         0         0    0.0500         0         0         0         0         0    0.3000         0
         0    0.1000         0         0         0    0.1500         0         0    0.2000    0.3000

Average Recall: 0.285